0.000000000000000000e+00 2.118102210119812978e-01
2.954209748892171541e-02 2.357820602129753196e-01
5.908419497784343083e-02 2.769214043018601856e-01
8.862629246676514971e-02 3.252387568895042103e-01
1.181683899556868617e-01 3.923638802511607016e-01
1.477104874446085736e-01 4.486356972514434771e-01
1.772525849335302994e-01 5.509868016861322326e-01
2.067946824224519975e-01 5.412283722771846772e-01
2.363367799113737233e-01 6.188499512580204476e-01
2.658788774002954214e-01 6.950715715876888412e-01
2.954209748892171472e-01 8.090865338590758071e-01
3.249630723781388175e-01 8.768349589335354688e-01
3.545051698670605989e-01 9.587846237674593208e-01
3.840472673559822692e-01 1.039067937761123384e+00
4.135893648449039950e-01 1.116057338080221006e+00
4.431314623338256653e-01 1.198751242932742933e+00
4.726735598227474466e-01 1.299128032517142817e+00
5.022156573116691725e-01 1.382974577705770702e+00
5.317577548005908428e-01 1.459137164703153466e+00
5.612998522895125131e-01 1.539494145257471303e+00
5.908419497784342944e-01 1.638854071444158400e+00
6.203840472673559647e-01 1.698484414084105998e+00
6.499261447562776350e-01 1.792022624429213229e+00
6.794682422451994164e-01 1.873894300782906530e+00
7.090103397341211977e-01 1.942076673560162448e+00
7.385524372230428680e-01 2.030803830630747875e+00
7.680945347119645383e-01 2.123584642486958884e+00
7.976366322008863197e-01 2.200852095436470979e+00
8.271787296898079900e-01 2.280930954706153813e+00
8.567208271787296603e-01 2.363923514408149629e+00
8.862629246676513306e-01 2.428143681688384792e+00
9.158050221565730009e-01 2.516492633703686810e+00
9.453471196454948933e-01 2.608056196691587392e+00
9.748892171344165636e-01 2.608056196691587392e+00
1.004431314623338345e+00 2.702951335522291387e+00
1.033973412112259904e+00 2.776381793766636630e+00
1.063515509601181686e+00 2.826440377415468941e+00
1.093057607090103467e+00 2.929281509578107290e+00
1.122599704579025026e+00 2.982096898227972304e+00
1.152141802067946807e+00 3.063110839873211422e+00
1.181683899556868589e+00 3.146325668667622644e+00
1.211225997045790370e+00 3.231801175606990650e+00
1.240768094534711929e+00 3.290071039589219204e+00
1.270310192023633711e+00 3.379451644011683520e+00
1.299852289512555270e+00 3.440383668270290407e+00
1.329394387001477051e+00 3.533847781359338747e+00
1.358936484490398833e+00 3.597563591325597887e+00
1.388478581979320392e+00 3.662428206982094370e+00
1.418020679468242395e+00 3.728462341469170660e+00
1.447562776957163955e+00 3.795687081388223305e+00
1.477104874446085736e+00 3.864123893535261978e+00
1.506646971935007295e+00 3.969099660019194786e+00
1.536189069423929077e+00 4.004721543923785987e+00
1.565731166912850636e+00 4.113516894489913867e+00
1.595273264401772639e+00 4.150434894491553450e+00
1.624815361890694421e+00 4.225267863361828802e+00
1.654357459379615980e+00 4.301450081978767770e+00
1.683899556868537761e+00 4.340054745143335779e+00
1.713441654357459321e+00 4.379005877519368539e+00
1.742983751846381102e+00 4.418306588599463680e+00
1.772525849335302661e+00 4.497969324628117604e+00
1.802067946824224443e+00 4.579068391835768637e+00
1.831610044313146002e+00 4.620164624386497110e+00
1.861152141802068005e+00 4.703466891329926902e+00
1.890694239290989787e+00 4.745679575793293026e+00
1.920236336779911346e+00 4.831244896293795499e+00
1.949778434268833127e+00 4.874604363062539747e+00
1.979320531757754686e+00 4.962494216976428341e+00
2.008862629246676690e+00 5.007031620422096374e+00
2.038404726735598249e+00 5.051968738249074775e+00
2.067946824224519808e+00 5.143056498672627264e+00
2.097488921713441368e+00 5.189214412860547299e+00
2.127031019202363371e+00 5.235786585192966136e+00
2.156573116691285374e+00 5.330188609198006411e+00
2.186115214180206934e+00 5.378025997041653739e+00
2.215657311669128493e+00 5.426292715973466407e+00
2.245199409158050052e+00 5.474992619154983586e+00
2.274741506646972056e+00 5.573707564130506498e+00
2.304283604135893615e+00 5.573707564130506498e+00
2.333825701624815174e+00 5.674202354493838030e+00
2.363367799113737178e+00 5.725127197616063590e+00
2.392909896602658737e+00 5.776509081126519618e+00
2.422451994091580740e+00 5.828352106872240590e+00
2.451994091580502300e+00 5.880660413513520091e+00
2.481536189069423859e+00 5.933438176854315849e+00
2.511078286558345862e+00 5.986689610175582210e+00
2.540620384047267422e+00 6.040418964571652616e+00
2.570162481536188981e+00 6.094630529289587706e+00
2.599704579025110540e+00 6.149328632071592970e+00
2.629246676514032544e+00 6.204517639500489956e+00
2.658788774002954103e+00 6.260201957348333401e+00
2.688330871491875662e+00 6.316386030928102358e+00
2.717872968980797665e+00 6.373074345448589639e+00
2.747415066469719669e+00 6.430271426372428323e+00
2.776957163958640784e+00 6.487981839777401838e+00
2.806499261447562787e+00 6.487981839777401838e+00
2.836041358936484791e+00 6.546210192720932852e+00
2.865583456425406350e+00 6.604961133607877066e+00
2.895125553914327909e+00 6.664239352561588170e+00
2.924667651403249469e+00 6.724049581798364095e+00
2.954209748892171472e+00 6.724049581798364095e+00
2.983751846381093031e+00 6.784396596005202618e+00
3.013293943870014591e+00 6.845285212720978230e+00
3.042836041358936594e+00 6.906720292721005627e+00
3.072378138847858153e+00 6.906720292721005627e+00
3.101920236336779713e+00 6.968706740405114175e+00
3.131462333825701272e+00 7.094353576899995240e+00
3.161004431314623275e+00 7.031249504189143629e+00
3.190546528803545279e+00 7.094353576899995240e+00
3.220088626292466394e+00 7.222265844860026540e+00
3.249630723781388841e+00 7.287084251423406656e+00
3.279172821270310401e+00 7.287084251423406656e+00
3.308714918759231960e+00 7.287084251423406656e+00
3.338257016248153519e+00 7.352484390357163058e+00
3.367799113737075523e+00 7.352484390357163058e+00
3.397341211225997082e+00 7.418471482594192423e+00
3.426883308714918641e+00 7.485050795924211187e+00
3.456425406203840200e+00 7.552227645414327561e+00
3.485967503692762204e+00 7.620007393833315490e+00
3.515509601181683763e+00 7.620007393833315490e+00
3.545051698670605322e+00 7.688395452079747727e+00
3.574593796159527770e+00 7.757397279613916119e+00
3.604135893648448885e+00 7.757397279613916119e+00
3.633677991137370888e+00 7.827018384893711378e+00
3.663220088626292004e+00 7.827018384893711378e+00
3.692762186115214451e+00 7.897264325814338015e+00
3.722304283604136010e+00 7.897264325814338015e+00
3.751846381093057570e+00 7.968140710152012751e+00
3.781388478581979573e+00 8.039653196011617098e+00
3.810930576070901132e+00 8.039653196011617098e+00
3.840472673559822692e+00 8.111807492278421350e+00
3.870014771048744251e+00 8.184609359073808932e+00
3.899556868537666254e+00 8.184609359073808932e+00
3.929098966026587814e+00 8.184609359073808932e+00
3.958641063515509373e+00 8.258064608215116564e+00
3.988183161004430932e+00 8.258064608215116564e+00
4.017725258493353380e+00 8.332179103679569820e+00
4.047267355982274495e+00 8.332179103679569820e+00
4.076809453471196498e+00 8.406958762072449076e+00
4.106351550960118502e+00 8.406958762072449076e+00
4.135893648449039617e+00 8.406958762072449076e+00
4.165435745937961620e+00 8.482409553099396149e+00
4.194977843426882735e+00 8.482409553099396149e+00
4.224519940915804739e+00 8.558537500042977086e+00
4.254062038404726742e+00 8.558537500042977086e+00
4.283604135893648746e+00 8.635348680243513542e+00
4.313146233382570749e+00 8.635348680243513542e+00
4.342688330871491864e+00 8.712849225584269774e+00
4.372230428360413867e+00 8.712849225584269774e+00
4.401772525849334983e+00 8.791045322980945542e+00
4.431314623338256986e+00 8.791045322980945542e+00
4.460856720827178989e+00 8.869943214875588566e+00
4.490398818316100105e+00 8.869943214875588566e+00
4.519940915805022108e+00 8.949549199734907035e+00
4.549483013293944111e+00 8.949549199734907035e+00
4.579025110782865227e+00 9.110910925359274160e+00
4.608567208271787230e+00 9.110910925359274160e+00
4.638109305760709233e+00 9.110910925359274160e+00
4.667651403249630349e+00 9.192679547729083467e+00
4.697193500738552352e+00 9.192679547729083467e+00
4.726735598227474355e+00 9.275182027301424270e+00
4.756277695716396359e+00 9.275182027301424270e+00
4.785819793205317474e+00 9.358424950299452760e+00
4.815361890694239477e+00 9.358424950299452760e+00
4.844903988183161481e+00 9.358424950299452760e+00
4.874446085672082596e+00 9.442414962056371763e+00
4.903988183161004599e+00 9.442414962056371763e+00
4.933530280649925714e+00 9.442414962056371763e+00
4.963072378138847718e+00 9.527158767545941487e+00
4.992614475627769721e+00 9.527158767545941487e+00
5.022156573116691725e+00 9.612663131917706494e+00
5.051698670605613728e+00 9.612663131917706494e+00
5.081240768094534843e+00 9.612663131917706494e+00
5.110782865583455958e+00 9.698934881037118316e+00
5.140324963072377962e+00 9.698934881037118316e+00
5.169867060561299965e+00 9.698934881037118316e+00
5.199409158050221080e+00 9.785980902030408046e+00
5.228951255539143972e+00 9.785980902030408046e+00
5.258493353028065087e+00 9.873808143834406081e+00
5.288035450516987090e+00 9.873808143834406081e+00
5.317577548005908206e+00 9.873808143834406081e+00
5.347119645494830209e+00 9.962423617751282379e+00
5.376661742983751324e+00 9.962423617751282379e+00
5.406203840472673328e+00 9.962423617751282379e+00
5.435745937961595331e+00 1.005183439800822853e+01
5.465288035450517334e+00 1.005183439800822853e+01
5.494830132939439338e+00 1.014204762232225043e+01
5.524372230428360453e+00 1.014204762232225043e+01
5.553914327917281568e+00 1.014204762232225043e+01
5.583456425406203572e+00 1.014204762232225043e+01
5.612998522895125575e+00 1.014204762232225043e+01
5.642540620384047578e+00 1.023307049246994893e+01
5.672082717872969582e+00 1.023307049246994893e+01
5.701624815361890697e+00 1.023307049246994893e+01
5.731166912850812700e+00 1.032491027486244661e+01
5.760709010339733815e+00 1.032491027486244661e+01
5.790251107828655819e+00 1.032491027486244661e+01
5.819793205317576934e+00 1.041757430112544291e+01
5.849335302806498937e+00 1.041757430112544291e+01
5.878877400295420941e+00 1.051106996868455568e+01
5.908419497784342944e+00 1.051106996868455568e+01
5.937961595273264948e+00 1.051106996868455568e+01
5.967503692762186063e+00 1.051106996868455568e+01
5.997045790251107178e+00 1.060540474135582478e+01
6.026587887740029181e+00 1.060540474135582478e+01
6.056129985228951185e+00 1.060540474135582478e+01
6.085672082717873188e+00 1.060540474135582478e+01
6.115214180206795191e+00 1.070058614994156621e+01
6.144756277695716307e+00 1.070058614994156621e+01
6.174298375184638310e+00 1.070058614994156621e+01
6.203840472673559425e+00 1.070058614994156621e+01
6.233382570162481429e+00 1.079662179283153378e+01
6.262924667651402544e+00 1.079662179283153378e+01
6.292466765140325435e+00 1.079662179283153378e+01
6.322008862629246551e+00 1.079662179283153378e+01
6.351550960118168554e+00 1.089351933660955041e+01
6.381093057607090557e+00 1.089351933660955041e+01
6.410635155096011673e+00 1.089351933660955041e+01
6.440177252584932788e+00 1.089351933660955041e+01
6.469719350073854791e+00 1.099128651666550560e+01
6.499261447562777683e+00 1.099128651666550560e+01
6.528803545051698798e+00 1.099128651666550560e+01
6.558345642540620801e+00 1.099128651666550560e+01
6.587887740029541916e+00 1.108993113781288642e+01
6.617429837518463920e+00 1.108993113781288642e+01
6.646971935007385035e+00 1.108993113781288642e+01
6.676514032496307038e+00 1.108993113781288642e+01
6.706056129985229930e+00 1.118946107491181330e+01
6.735598227474151045e+00 1.118946107491181330e+01
6.765140324963072160e+00 1.118946107491181330e+01
6.794682422451994164e+00 1.118946107491181330e+01
6.824224519940916167e+00 1.118946107491181330e+01
6.853766617429837282e+00 1.128988427349774248e+01
6.883308714918758398e+00 1.128988427349774248e+01
6.912850812407680401e+00 1.128988427349774248e+01
6.942392909896603292e+00 1.128988427349774248e+01
6.971935007385524408e+00 1.149344259446043992e+01
7.001477104874446411e+00 1.149344259446043992e+01
7.031019202363367526e+00 1.149344259446043992e+01
7.060561299852289530e+00 1.149344259446043992e+01
7.090103397341210645e+00 1.159659396702183720e+01
7.119645494830132648e+00 1.159659396702183720e+01
7.149187592319055540e+00 1.159659396702183720e+01
7.178729689807976655e+00 1.159659396702183720e+01
7.208271787296897770e+00 1.159659396702183720e+01
7.237813884785819774e+00 1.159659396702183720e+01
7.267355982274741777e+00 1.170067110273677535e+01
7.296898079763662892e+00 1.170067110273677535e+01
7.326440177252584007e+00 1.159659396702183720e+01
7.355982274741506899e+00 1.170067110273677535e+01
7.385524372230428902e+00 1.170067110273677535e+01
7.415066469719350017e+00 1.180568231014633618e+01
7.444608567208272021e+00 1.180568231014633618e+01
7.474150664697193136e+00 1.180568231014633618e+01
7.503692762186115139e+00 1.180568231014633618e+01
7.533234859675036255e+00 1.180568231014633618e+01
7.562776957163959146e+00 1.191163597235912341e+01
7.592319054652881150e+00 1.191163597235912341e+01
7.621861152141802265e+00 1.191163597235912341e+01
7.651403249630723380e+00 1.201854054772044833e+01
7.680945347119645383e+00 1.201854054772044833e+01
7.710487444608567387e+00 1.201854054772044833e+01
7.740029542097488502e+00 1.201854054772044833e+01
7.769571639586411393e+00 1.201854054772044833e+01
7.799113737075332509e+00 1.212640457048762777e+01
7.828655834564254512e+00 1.212640457048762777e+01
7.858197932053175627e+00 1.212640457048762777e+01
7.887740029542097631e+00 1.212640457048762777e+01
7.917282127031018746e+00 1.212640457048762777e+01
7.946824224519940749e+00 1.212640457048762777e+01
7.976366322008861864e+00 1.212640457048762777e+01
8.005908419497785644e+00 1.223523665151124362e+01
8.035450516986706759e+00 1.223523665151124362e+01
8.064992614475627875e+00 1.223523665151124362e+01
8.094534711964548990e+00 1.223523665151124362e+01
8.124076809453470105e+00 1.223523665151124362e+01
8.153618906942392996e+00 1.223523665151124362e+01
8.183161004431314112e+00 1.234504547892256454e+01
8.212703101920237003e+00 1.234504547892256454e+01
8.242245199409158118e+00 1.234504547892256454e+01
8.271787296898079234e+00 1.234504547892256454e+01
8.301329394387002125e+00 1.234504547892256454e+01
8.330871491875923240e+00 1.245583981882708358e+01
8.360413589364844356e+00 1.245583981882708358e+01
8.389955686853765471e+00 1.245583981882708358e+01
8.419497784342688362e+00 1.256762851600439035e+01
8.449039881831609478e+00 1.245583981882708358e+01
8.478581979320532369e+00 1.245583981882708358e+01
8.508124076809453484e+00 1.256762851600439035e+01
8.537666174298374600e+00 1.256762851600439035e+01
8.567208271787297491e+00 1.256762851600439035e+01
8.596750369276218606e+00 1.256762851600439035e+01
8.626292466765141498e+00 1.256762851600439035e+01
8.655834564254062613e+00 1.256762851600439035e+01
8.685376661742983728e+00 1.256762851600439035e+01
8.714918759231904843e+00 1.256762851600439035e+01
8.744460856720827735e+00 1.268042049461421250e+01
8.774002954209748850e+00 1.268042049461421250e+01
8.803545051698669965e+00 1.268042049461421250e+01
8.833087149187592857e+00 1.268042049461421250e+01
8.862629246676513972e+00 1.268042049461421250e+01
8.892171344165436864e+00 1.268042049461421250e+01
8.921713441654357979e+00 1.279422475890885380e+01
8.951255539143279094e+00 1.279422475890885380e+01
8.980797636632200209e+00 1.279422475890885380e+01
9.010339734121121325e+00 1.279422475890885380e+01
9.039881831610044216e+00 1.279422475890885380e+01
9.069423929098967108e+00 1.279422475890885380e+01
9.098966026587888223e+00 1.290905039395196319e+01
9.128508124076809338e+00 1.290905039395196319e+01
9.158050221565730453e+00 1.290905039395196319e+01
9.187592319054653345e+00 1.290905039395196319e+01
9.217134416543574460e+00 1.290905039395196319e+01
9.246676514032495575e+00 1.290905039395196319e+01
9.276218611521418467e+00 1.290905039395196319e+01
9.305760709010339582e+00 1.290905039395196319e+01
9.335302806499260697e+00 1.302490656634387811e+01
9.364844903988183589e+00 1.302490656634387811e+01
9.394387001477104704e+00 1.302490656634387811e+01
9.423929098966025819e+00 1.302490656634387811e+01
9.453471196454948711e+00 1.302490656634387811e+01
9.483013293943869826e+00 1.302490656634387811e+01
9.512555391432792717e+00 1.302490656634387811e+01
9.542097488921713833e+00 1.302490656634387811e+01
9.571639586410634948e+00 1.314180252495334500e+01
9.601181683899556063e+00 1.314180252495334500e+01
9.630723781388478955e+00 1.314180252495334500e+01
9.660265878877400070e+00 1.314180252495334500e+01
9.689807976366322961e+00 1.314180252495334500e+01
9.719350073855244077e+00 1.314180252495334500e+01
9.748892171344165192e+00 1.314180252495334500e+01
9.778434268833088083e+00 1.325974760165587440e+01
9.807976366322009198e+00 1.325974760165587440e+01
9.837518463810930314e+00 1.325974760165587440e+01
9.867060561299851429e+00 1.325974760165587440e+01
9.896602658788774320e+00 1.325974760165587440e+01
9.926144756277695436e+00 1.325974760165587440e+01
9.955686853766618327e+00 1.325974760165587440e+01
9.985228951255539442e+00 1.325974760165587440e+01
1.001477104874446233e+01 1.337875121207873086e+01
1.004431314623338345e+01 1.337875121207873086e+01
1.007385524372230456e+01 1.337875121207873086e+01
1.010339734121122746e+01 1.337875121207873086e+01
1.013293943870014857e+01 1.337875121207873086e+01
1.016248153618906969e+01 1.337875121207873086e+01
1.019202363367799080e+01 1.337875121207873086e+01
1.022156573116691192e+01 1.337875121207873086e+01
1.025110782865583481e+01 1.337875121207873086e+01
1.028064992614475592e+01 1.349882285635252899e+01
1.031019202363367704e+01 1.349882285635252899e+01
1.033973412112259993e+01 1.349882285635252899e+01
1.036927621861152105e+01 1.349882285635252899e+01
1.039881831610044216e+01 1.349882285635252899e+01
1.042836041358936683e+01 1.349882285635252899e+01
1.045790251107828794e+01 1.349882285635252899e+01
1.048744460856720906e+01 1.349882285635252899e+01
1.051698670605613017e+01 1.349882285635252899e+01
1.054652880354505129e+01 1.361997211986971301e+01
1.057607090103397418e+01 1.361997211986971301e+01
1.060561299852289530e+01 1.361997211986971301e+01
1.063515509601181641e+01 1.349882285635252899e+01
1.066469719350073930e+01 1.361997211986971301e+01
1.069423929098966042e+01 1.361997211986971301e+01
1.072378138847858153e+01 1.361997211986971301e+01
1.075332348596750265e+01 1.361997211986971301e+01
1.078286558345642376e+01 1.361997211986971301e+01
1.081240768094534666e+01 1.374220867404971536e+01
1.084194977843426777e+01 1.374220867404971536e+01
1.087149187592319066e+01 1.374220867404971536e+01
1.090103397341211355e+01 1.374220867404971536e+01
1.093057607090103467e+01 1.374220867404971536e+01
1.096011816838995578e+01 1.374220867404971536e+01
1.098966026587887868e+01 1.374220867404971536e+01
1.101920236336779979e+01 1.374220867404971536e+01
1.104874446085672091e+01 1.374220867404971536e+01
1.107828655834564202e+01 1.386554227711105725e+01
1.110782865583456314e+01 1.386554227711105725e+01
1.113737075332348603e+01 1.386554227711105725e+01
1.116691285081240714e+01 1.386554227711105725e+01
1.119645494830132826e+01 1.386554227711105725e+01
1.122599704579025115e+01 1.386554227711105725e+01
1.125553914327917227e+01 1.386554227711105725e+01
1.128508124076809516e+01 1.386554227711105725e+01
1.131462333825701805e+01 1.386554227711105725e+01
1.134416543574593916e+01 1.386554227711105725e+01
1.137370753323486028e+01 1.398998277485030073e+01
1.140324963072378139e+01 1.398998277485030073e+01
1.143279172821270251e+01 1.398998277485030073e+01
1.146233382570162540e+01 1.398998277485030073e+01
1.149187592319054652e+01 1.398998277485030073e+01
1.152141802067946763e+01 1.398998277485030073e+01
1.155096011816839052e+01 1.398998277485030073e+01
1.158050221565731164e+01 1.398998277485030073e+01
1.161004431314623275e+01 1.398998277485030073e+01
1.163958641063515387e+01 1.398998277485030073e+01
1.166912850812407498e+01 1.398998277485030073e+01
1.169867060561299787e+01 1.398998277485030073e+01
1.172821270310192077e+01 1.398998277485030073e+01
1.175775480059084188e+01 1.411554010142812210e+01
1.178729689807976477e+01 1.411554010142812210e+01
1.181683899556868589e+01 1.411554010142812210e+01
1.184638109305760700e+01 1.411554010142812210e+01
1.187592319054652990e+01 1.411554010142812210e+01
1.190546528803545101e+01 1.411554010142812210e+01
1.193500738552437213e+01 1.411554010142812210e+01
1.196454948301329324e+01 1.411554010142812210e+01
1.199409158050221436e+01 1.424222428016230957e+01
1.202363367799113725e+01 1.424222428016230957e+01
1.205317577548005836e+01 1.424222428016230957e+01
1.208271787296897948e+01 1.424222428016230957e+01
1.211225997045790237e+01 1.424222428016230957e+01
1.214180206794682526e+01 1.424222428016230957e+01
1.217134416543574638e+01 1.424222428016230957e+01
1.220088626292466927e+01 1.424222428016230957e+01
1.223042836041359038e+01 1.424222428016230957e+01
1.225997045790251150e+01 1.424222428016230957e+01
1.228951255539143261e+01 1.424222428016230957e+01
1.231905465288035373e+01 1.424222428016230957e+01
1.234859675036927662e+01 1.424222428016230957e+01
1.237813884785819774e+01 1.437004542432795873e+01
1.240768094534711885e+01 1.437004542432795873e+01
1.243722304283604174e+01 1.437004542432795873e+01
1.246676514032496286e+01 1.437004542432795873e+01
1.249630723781388397e+01 1.437004542432795873e+01
1.252584933530280509e+01 1.437004542432795873e+01
1.255539143279172976e+01 1.437004542432795873e+01
1.258493353028065087e+01 1.437004542432795873e+01
1.261447562776957199e+01 1.437004542432795873e+01
1.264401772525849310e+01 1.437004542432795873e+01
1.267355982274741599e+01 1.437004542432795873e+01
1.270310192023633711e+01 1.449901373796476811e+01
1.273264401772525822e+01 1.462913951669171553e+01
1.276218611521418111e+01 1.462913951669171553e+01
1.279172821270310223e+01 1.462913951669171553e+01
1.282127031019202335e+01 1.462913951669171553e+01
1.285081240768094446e+01 1.462913951669171553e+01
1.288035450516986558e+01 1.462913951669171553e+01
1.290989660265878847e+01 1.462913951669171553e+01
1.293943870014770958e+01 1.462913951669171553e+01
1.296898079763663070e+01 1.462913951669171553e+01
1.299852289512555537e+01 1.462913951669171553e+01
1.302806499261447648e+01 1.462913951669171553e+01
1.305760709010339760e+01 1.462913951669171553e+01
1.308714918759232049e+01 1.462913951669171553e+01
1.311669128508124160e+01 1.476043314852890020e+01
1.314623338257016272e+01 1.476043314852890020e+01
1.317577548005908383e+01 1.476043314852890020e+01
1.320531757754800495e+01 1.476043314852890020e+01
1.323485967503692784e+01 1.476043314852890020e+01
1.326440177252584895e+01 1.476043314852890020e+01
1.329394387001477007e+01 1.476043314852890020e+01
1.332348596750369296e+01 1.476043314852890020e+01
1.335302806499261408e+01 1.476043314852890020e+01
1.338257016248153519e+01 1.476043314852890020e+01
1.341211225997045986e+01 1.476043314852890020e+01
1.344165435745938098e+01 1.476043314852890020e+01
1.347119645494830209e+01 1.489290511472686873e+01
1.350073855243722321e+01 1.489290511472686873e+01
1.353028064992614432e+01 1.489290511472686873e+01
1.355982274741506721e+01 1.489290511472686873e+01
1.358936484490398833e+01 1.489290511472686873e+01
1.361890694239290944e+01 1.489290511472686873e+01
1.364844903988183233e+01 1.489290511472686873e+01
1.367799113737075345e+01 1.489290511472686873e+01
1.370753323485967456e+01 1.489290511472686873e+01
1.373707533234859568e+01 1.489290511472686873e+01
1.376661742983751680e+01 1.476043314852890020e+01
1.379615952732643969e+01 1.489290511472686873e+01
1.382570162481536080e+01 1.489290511472686873e+01
1.385524372230428369e+01 1.489290511472686873e+01
1.388478581979320658e+01 1.502656599060327025e+01
1.391432791728212770e+01 1.502656599060327025e+01
1.394387001477104882e+01 1.502656599060327025e+01
1.397341211225997171e+01 1.502656599060327025e+01
1.400295420974889282e+01 1.502656599060327025e+01
1.403249630723781394e+01 1.502656599060327025e+01
1.406203840472673505e+01 1.502656599060327025e+01
1.409158050221565617e+01 1.502656599060327025e+01
1.412112259970457906e+01 1.502656599060327025e+01
1.415066469719350017e+01 1.502656599060327025e+01
1.418020679468242129e+01 1.502656599060327025e+01
1.420974889217134418e+01 1.502656599060327025e+01
1.423929098966026530e+01 1.502656599060327025e+01
1.426883308714918819e+01 1.502656599060327025e+01
1.429837518463811108e+01 1.502656599060327025e+01
1.432791728212703219e+01 1.489290511472686873e+01
1.435745937961595331e+01 1.502656599060327025e+01
1.438700147710487443e+01 1.516142644638717840e+01
1.441654357459379554e+01 1.516142644638717840e+01
1.444608567208271843e+01 1.516142644638717840e+01
1.447562776957163955e+01 1.516142644638717840e+01
1.450516986706056066e+01 1.516142644638717840e+01
1.453471196454948355e+01 1.516142644638717840e+01
1.456425406203840467e+01 1.516142644638717840e+01
1.459379615952732578e+01 1.516142644638717840e+01
1.462333825701624690e+01 1.516142644638717840e+01
1.465288035450516801e+01 1.516142644638717840e+01
1.468242245199409268e+01 1.529749724807085087e+01
1.471196454948301380e+01 1.516142644638717840e+01
1.474150664697193491e+01 1.516142644638717840e+01
1.477104874446085780e+01 1.516142644638717840e+01
1.480059084194977892e+01 1.529749724807085087e+01
1.483013293943870003e+01 1.529749724807085087e+01
1.485967503692762293e+01 1.529749724807085087e+01
1.488921713441654404e+01 1.529749724807085087e+01
1.491875923190546516e+01 1.529749724807085087e+01
1.494830132939438627e+01 1.529749724807085087e+01
1.497784342688330739e+01 1.529749724807085087e+01
1.500738552437223028e+01 1.529749724807085087e+01
1.503692762186115139e+01 1.529749724807085087e+01
1.506646971935007251e+01 1.529749724807085087e+01
1.509601181683899540e+01 1.529749724807085087e+01
1.512555391432791829e+01 1.529749724807085087e+01
1.515509601181683941e+01 1.529749724807085087e+01
1.518463810930576230e+01 1.543478925826920545e+01
1.521418020679468341e+01 1.543478925826920545e+01
1.524372230428360453e+01 1.543478925826920545e+01
1.527326440177252564e+01 1.543478925826920545e+01
1.530280649926144676e+01 1.543478925826920545e+01
1.533234859675036965e+01 1.543478925826920545e+01
1.536189069423929077e+01 1.543478925826920545e+01
1.539143279172821188e+01 1.543478925826920545e+01
1.542097488921713477e+01 1.543478925826920545e+01
1.545051698670605589e+01 1.543478925826920545e+01
1.548005908419497700e+01 1.543478925826920545e+01
1.550960118168389812e+01 1.543478925826920545e+01
1.553914327917282279e+01 1.543478925826920545e+01
1.556868537666174390e+01 1.543478925826920545e+01
1.559822747415066502e+01 1.543478925826920545e+01
1.562776957163958613e+01 1.543478925826920545e+01
1.565731166912850902e+01 1.543478925826920545e+01
1.568685376661743014e+01 1.543478925826920545e+01
1.571639586410635125e+01 1.543478925826920545e+01
1.574593796159527415e+01 1.557331343708693616e+01
1.577548005908419526e+01 1.557331343708693616e+01
1.580502215657311638e+01 1.557331343708693616e+01
1.583456425406203749e+01 1.557331343708693616e+01
1.586410635155095861e+01 1.557331343708693616e+01
1.589364844903988150e+01 1.557331343708693616e+01
1.592319054652880261e+01 1.557331343708693616e+01
1.595273264401772373e+01 1.557331343708693616e+01
1.598227474150664840e+01 1.557331343708693616e+01
1.601181683899557129e+01 1.557331343708693616e+01
1.604135893648449240e+01 1.557331343708693616e+01
1.607090103397341352e+01 1.571308084299355379e+01
1.610044313146233463e+01 1.557331343708693616e+01
1.612998522895125575e+01 1.557331343708693616e+01
1.615952732644017686e+01 1.557331343708693616e+01
1.618906942392909798e+01 1.557331343708693616e+01
1.621861152141801909e+01 1.571308084299355379e+01
1.624815361890694021e+01 1.571308084299355379e+01
1.627769571639586488e+01 1.571308084299355379e+01
1.630723781388478599e+01 1.571308084299355379e+01
1.633677991137370711e+01 1.571308084299355379e+01
1.636632200886262822e+01 1.571308084299355379e+01
1.639586410635155289e+01 1.571308084299355379e+01
1.642540620384047401e+01 1.571308084299355379e+01
1.645494830132939512e+01 1.571308084299355379e+01
1.648449039881831624e+01 1.571308084299355379e+01
1.651403249630723735e+01 1.571308084299355379e+01
1.654357459379615847e+01 1.571308084299355379e+01
1.657311669128507958e+01 1.571308084299355379e+01
1.660265878877400425e+01 1.571308084299355379e+01
1.663220088626292537e+01 1.571308084299355379e+01
1.666174298375184648e+01 1.571308084299355379e+01
1.669128508124076760e+01 1.585410263370612682e+01
1.672082717872968871e+01 1.571308084299355379e+01
1.675036927621860983e+01 1.585410263370612682e+01
1.677991137370753094e+01 1.585410263370612682e+01
1.680945347119645561e+01 1.585410263370612682e+01
1.683899556868537672e+01 1.599639006708004274e+01
1.686853766617429784e+01 1.585410263370612682e+01
1.689807976366321896e+01 1.585410263370612682e+01
1.692762186115214362e+01 1.585410263370612682e+01
1.695716395864106474e+01 1.585410263370612682e+01
1.698670605612998585e+01 1.585410263370612682e+01
1.701624815361890697e+01 1.585410263370612682e+01
1.704579025110782808e+01 1.585410263370612682e+01
1.707533234859674920e+01 1.585410263370612682e+01
1.710487444608567031e+01 1.585410263370612682e+01
1.713441654357459498e+01 1.585410263370612682e+01
1.716395864106351610e+01 1.585410263370612682e+01
1.719350073855243721e+01 1.585410263370612682e+01
1.722304283604135833e+01 1.585410263370612682e+01
1.725258493353028300e+01 1.585410263370612682e+01
1.728212703101920411e+01 1.599639006708004274e+01
1.731166912850812523e+01 1.599639006708004274e+01
1.734121122599704634e+01 1.599639006708004274e+01
1.737075332348596746e+01 1.599639006708004274e+01
1.740029542097488857e+01 1.599639006708004274e+01
1.742983751846380969e+01 1.599639006708004274e+01
1.745937961595273435e+01 1.599639006708004274e+01
1.748892171344165547e+01 1.599639006708004274e+01
1.751846381093057659e+01 1.599639006708004274e+01
1.754800590841949770e+01 1.599639006708004274e+01
1.757754800590841882e+01 1.599639006708004274e+01
1.760709010339733993e+01 1.599639006708004274e+01
1.763663220088626105e+01 1.599639006708004274e+01
1.766617429837518571e+01 1.599639006708004274e+01
1.769571639586410683e+01 1.599639006708004274e+01
1.772525849335302794e+01 1.599639006708004274e+01
1.775480059084194906e+01 1.599639006708004274e+01
1.778434268833087373e+01 1.599639006708004274e+01
1.781388478581979484e+01 1.599639006708004274e+01
1.784342688330871596e+01 1.599639006708004274e+01
1.787296898079763707e+01 1.599639006708004274e+01
1.790251107828655819e+01 1.599639006708004274e+01
1.793205317577547930e+01 1.613995450200766513e+01
1.796159527326440042e+01 1.613995450200766513e+01
1.799113737075332153e+01 1.613995450200766513e+01
1.802067946824224265e+01 1.613995450200766513e+01
1.805022156573116732e+01 1.613995450200766513e+01
1.807976366322008843e+01 1.613995450200766513e+01
1.810930576070901310e+01 1.613995450200766513e+01
1.813884785819793422e+01 1.613995450200766513e+01
1.816838995568685533e+01 1.613995450200766513e+01
1.819793205317577645e+01 1.613995450200766513e+01
1.822747415066469756e+01 1.613995450200766513e+01
1.825701624815361868e+01 1.613995450200766513e+01
1.828655834564253979e+01 1.613995450200766513e+01
1.831610044313146091e+01 1.613995450200766513e+01
1.834564254062038202e+01 1.613995450200766513e+01
1.837518463810930669e+01 1.613995450200766513e+01
1.840472673559822780e+01 1.613995450200766513e+01
1.843426883308714892e+01 1.613995450200766513e+01
1.846381093057607004e+01 1.613995450200766513e+01
1.849335302806499115e+01 1.613995450200766513e+01
1.852289512555391582e+01 1.613995450200766513e+01
1.855243722304283693e+01 1.613995450200766513e+01
1.858197932053175805e+01 1.613995450200766513e+01
1.861152141802067916e+01 1.613995450200766513e+01
1.864106351550960028e+01 1.613995450200766513e+01
1.867060561299852139e+01 1.613995450200766513e+01
1.870014771048744606e+01 1.613995450200766513e+01
1.872968980797636718e+01 1.628480739932522070e+01
1.875923190546528829e+01 1.628480739932522070e+01
1.878877400295420941e+01 1.628480739932522070e+01
1.881831610044313052e+01 1.643096032272764973e+01
1.884785819793205164e+01 1.628480739932522070e+01
1.887740029542097275e+01 1.628480739932522070e+01
1.890694239290989742e+01 1.628480739932522070e+01
1.893648449039881854e+01 1.628480739932522070e+01
1.896602658788773965e+01 1.628480739932522070e+01
1.899556868537666077e+01 1.628480739932522070e+01
1.902511078286558543e+01 1.628480739932522070e+01
1.905465288035450655e+01 1.628480739932522070e+01
1.908419497784342767e+01 1.628480739932522070e+01
1.911373707533234878e+01 1.628480739932522070e+01
1.914327917282126990e+01 1.628480739932522070e+01
1.917282127031019101e+01 1.628480739932522070e+01
1.920236336779911213e+01 1.628480739932522070e+01
1.923190546528803679e+01 1.628480739932522070e+01
1.926144756277695791e+01 1.628480739932522070e+01
1.929098966026587902e+01 1.628480739932522070e+01
1.932053175775480014e+01 1.628480739932522070e+01
1.935007385524372125e+01 1.628480739932522070e+01
1.937961595273264592e+01 1.628480739932522070e+01
1.940915805022156704e+01 1.628480739932522070e+01
1.943870014771048815e+01 1.628480739932522070e+01
1.946824224519940927e+01 1.643096032272764973e+01
1.949778434268833038e+01 1.643096032272764973e+01
1.952732644017725150e+01 1.643096032272764973e+01
1.955686853766617617e+01 1.643096032272764973e+01
1.958641063515509728e+01 1.643096032272764973e+01
1.961595273264401840e+01 1.643096032272764973e+01
1.964549483013293951e+01 1.643096032272764973e+01
1.967503692762186063e+01 1.643096032272764973e+01
1.970457902511078174e+01 1.643096032272764973e+01
1.973412112259970286e+01 1.643096032272764973e+01
1.976366322008862397e+01 1.643096032272764973e+01
1.979320531757754864e+01 1.643096032272764973e+01
1.982274741506646976e+01 1.643096032272764973e+01
1.985228951255539087e+01 1.643096032272764973e+01
1.988183161004431554e+01 1.643096032272764973e+01
1.991137370753323665e+01 1.643096032272764973e+01
1.994091580502215777e+01 1.657842493969178221e+01
1.997045790251107888e+01 1.643096032272764973e+01
